4.506478
0.051867
2.412959
2.392844
2.346782
0.001585
0.001056
0.000484
0.000238
0.000296
0.000355
0.000392
0.000421
0.000446
2.193371
2.085320
1.742791
1.492932
1.287300
1.142029
0.992134
0.730251
0.679792
0.643344
0.504738
0.493313
0.634271
0.571042
0.592381
0.642741
0.964585
1.230408
1.402234
1.501276
1.710546
1.788551
1.781515
1.797380
1.699503
0.199265
1.660127
1.594937
1.459395
1.175600
0.192136
0.156550
0.208526
0.923547
0.907086
0.930196
0.949961
0.971135
0.923326
0.081940
0.092111
2.193418
2.348762
2.439917
0.018817
0.021798
2.771999
2.911816
2.883976
2.870917
2.820937
2.711399
2.687333
2.628457
2.394822
2.011352
1.724529
1.547823
1.136950
0.029483
0.024312
0.020946
0.006601
0.967091
1.044428
1.047717
1.050224
1.055876
1.025359
0.988122
0.096329
0.111918
0.124596
0.142012
1.380573
1.599307
1.893779
2.200165
2.409136
2.846389
3.215532
3.527386
3.691860
3.761167
3.848860
4.127674
4.388639
4.482497
4.555208
4.608072
4.716728
4.734117
4.785216
4.839868
4.875701
4.881388
4.879840
4.865143
4.854650
4.796993
4.895728
4.889990
4.820189
4.802731
4.772686
4.749856
4.733851
4.713621
4.712240
4.717138
4.857566
4.889636
4.912791
4.922842
4.931034
4.937342
4.954580
4.976361
4.995746
4.979220
4.961268
4.983826
4.944655
0.032908
0.027733
0.023125
0.061944
0.057867
4.107422
4.205819
4.189647
0.728206
3.738660
4.293847
4.744017
4.924894
4.993792
5.031732
5.052219
4.976856
0.057527
4.953926
4.930839
4.959651
4.948451
4.948496
4.937031
4.942382
4.937098
4.915398
4.873681
4.854553
4.840475
4.880548
4.907588
4.928488
4.968182
5.007531
5.070333
5.100906
5.120869
5.221245
5.532004
5.650639
5.796839
5.852681
5.868996
5.907687
5.928732
5.942623
0.004794
0.002396
0.007314
0.006701
0.006601
0.006015
0.007368
5.836916
5.845609
5.841288
5.841522
5.837100
5.837266
5.837145
0.003178
0.002934
0.001353
0.000031
0.000067
0.000088
0.000117
0.000301
0.001557
0.003167
0.000970
5.813688
5.819895
5.816786
5.814122
5.812778
5.818999
0.000589
0.000238
0.000228
0.000235
0.000269
0.000148
0.000145
0.000081
0.000101
0.000041
5.804707
5.808565
5.813810
5.817153
5.822515
5.823215
5.827898
6.096120
6.145511
6.217878
6.362610
0.000215
0.000265
0.000400
0.000673
0.005087
0.008800
6.541669
6.565375
6.559687
6.520288
6.405764
6.371048
6.304205
6.176121
6.144461
6.081962
5.942889
5.668267
5.393761
6.111012
6.198858
6.303592
6.414931
6.492459
6.499535
6.510789
6.523801
6.524201
6.523262
6.520503
6.549584
6.543635
6.538541
6.529450
6.471792
0.001049
0.000674
0.000228
0.000165
0.000161
0.000164
0.000211
0.000868
0.002936
6.474663
6.495667
6.528664
6.565812
6.605842
6.649465
6.652350
6.650727
6.643178
6.629440
6.624830
6.623142
6.614488
6.609996
6.603272
6.599586
6.590880
6.581094
6.574938
6.575544
6.573295
6.560204
0.010412
0.009587
0.009008
0.010251
6.578843
6.587220
6.606252
6.662243
6.706700
6.767031
7.050746
7.147002
7.294623
7.385576
7.560287
7.620391
7.628812
7.628599
7.625469
7.619968
7.611853
7.581778
7.559108
7.523488
7.348714
7.033024
6.910105
7.062868
7.118536
7.117942
7.100976
7.083169
7.075887
7.071514
7.050457
6.990630
6.710008
0.004598
0.002037
0.000808
0.000463
0.000238
0.000142
0.000116
0.000096
0.000097
0.000101
0.000123
0.000214
0.069866
0.078074
0.083185
6.635747
6.897869
6.917235
6.936321
6.944370
6.945579
6.946049
6.945925
6.945325
6.944746
6.944681
6.944629
6.943963
6.924905
6.707499
6.221479
5.701751
5.407862
0.420613
6.909609
6.929549
6.936185
6.943081
6.943373
6.943095
6.963647
6.974262
6.977443
6.975756
6.973963
6.949844
6.941246
6.933470
6.827226
6.600848
6.697360
6.716637
6.724958
6.727464
6.730396
6.729944
6.721448
6.706943
6.687604
6.660739
6.658556
6.653612
6.636883
6.624057
6.614472
6.613599
6.587297
6.554070
6.504164
6.435306
6.112665
5.824702
0.102022
0.098381
0.007074
0.007043
0.007383
0.007893
0.009335
0.024154
4.939464
5.216061
5.266470
5.361073
5.500017
5.858857
5.916112
6.062073
6.172331
6.188352
6.190048
6.409636
6.418852
6.423585
6.468838
6.487378
6.509243
6.526294
6.539651
6.543589
6.549679
7.130283
7.361292
7.410496
7.443116
0.008676
0.009115
0.009564
0.009609
0.009426
7.555597
7.578131
7.574325
7.564734
0.044624
7.506320
7.562812
7.596121
7.592433
7.583269
7.551866
7.523050
7.507185
7.497826
7.287274
7.271502
7.244300
7.228586
7.192712
7.143530
7.051902
6.962570
6.726822
6.310930
5.904810
5.194196
0.008555
0.007363
0.005800
0.005112
0.006865
0.007017
4.260953
3.753250
4.606159
5.149917
5.617791
6.050025
6.357399
6.913727
7.216774
7.431494
7.513208
7.573464
7.608742
7.617905
7.610447
7.613440
7.567632
7.561826
7.554990
7.514814
7.430522
7.354103
7.306929
7.225387
6.072618
6.073869
6.029456
6.380037
6.484231
6.554667
6.659778
6.764194
6.970421
7.055119
7.290277
7.374597
7.416472
7.543827
7.435175
6.678903
6.667699
6.652976
6.584391
6.049123
5.483703
6.599962
6.905909
7.233535
7.311633
7.494098
7.502900
7.539000
7.553397
7.559414
7.566643
7.572707
7.577329
7.573967
7.540959
7.506860
7.495412
7.477596
7.417004
0.022441
0.012173
0.002736
0.001797
0.000728
0.000622
0.000212
0.000162
0.000073
0.000021
0.000014
0.000010
0.000020
0.000025
0.000057
0.000068
0.000109
0.000170
6.734187
6.773302
6.744296
6.702653
6.662028
6.528583
0.246406
5.785720
6.060268
6.203134
6.277798
6.236515
6.522121
6.634820
6.716213
6.869156
6.964872
7.035474
7.103487
6.867713
6.961128
7.012967
7.064620
7.090131
7.097043
7.101702
7.105711
7.107674
7.109965
7.112537
7.116555
7.114954
7.115039
7.116564
7.112066
7.100972
7.091567
7.087671
7.080585
7.078012
7.081143
7.081217
7.081438
7.078909
7.070912
7.056155
7.026880
7.006614
6.667725
6.662136
6.658620
6.622550
6.558547
6.464074
6.295466
5.976966
5.792156
5.431010
6.497014
6.674896
6.684253
6.685989
6.690459
6.701975
6.709307
6.699753
6.690697
6.684908
6.683065
6.668851
6.669312
6.669480
6.668343
6.668570
6.667891
6.667346
6.667769
6.667832
6.667988
6.667955
6.666845
6.664692
6.663756
6.664787
6.664479
6.665540
6.667329
6.668178
6.667583
6.667505
6.667861
6.667788
6.663690
6.656292
6.649948
6.592515
6.511426
6.455185
6.372065
6.272489
0.211807
5.808939
0.065902
0.063091
0.066187
6.428719
6.661176
6.696803
6.759438
6.788265
6.799448
6.803440
6.814584
6.818584
6.818394
6.819261
6.821983
6.820542
6.818345
6.806010
6.784862
6.771227
6.762211
6.754000
6.727749
6.674174
6.672275
6.670319
6.668696
6.662952
6.662360
6.662125
6.661332
6.661943
6.663301
6.663974
6.665498
6.666133
6.666917
6.667690
6.667219
6.667146
6.667691
6.666894
6.665700
6.662565
6.660559
6.651586
6.646320
6.596811
7.137795
6.834213
6.574689
6.270908
7.146520
7.244843
7.231741
7.212078
7.201438
7.195882
7.190035
7.196967
7.212236
7.243699
7.287962
7.346058
7.349546
7.362219
7.373543
7.376193
7.379924
7.386215
7.625515
7.653210
7.657668
7.651321
7.641268
7.633614
7.619991
7.602548
7.576176
7.536403
7.504510
0.021972
0.022002
7.444929
7.367774
7.128204
7.214491
7.330208
7.459522
7.476563
7.507715
7.563332
7.568055
7.580146
7.601630
7.595727
7.562735
7.540199
7.514615
7.389877
7.252598
7.151832
7.612507
7.610559
0.227242
0.235809
7.648637
7.924297
8.166846
8.238855
8.354400
8.375700
8.395820
8.422646
8.431249
8.431886
8.421094
8.394184
8.289010
8.079551
8.274029
8.303776
8.317217
8.319367
8.317788
8.314538
8.286430
8.220732
8.037095
7.836155
0.128979
8.284491
8.317596
8.272379
8.076964
0.104737
0.031761
0.022448
0.018606
0.017399
0.016812
6.416188
5.952526
5.608119
0.089426
0.050124
4.680228
4.545209
0.196728
4.146807
4.166134
4.167555
3.865389
0.163425
3.739426
3.162013
0.031478
0.023005
0.017944
3.011693
2.830390
2.692734
0.001748
0.001598
0.000755
0.000913
0.001284
0.000339
0.000319
0.000305
0.000763
0.000902
0.000909
0.001558
0.004056
2.165117
1.666298
2.026189
1.912939
2.089771
2.187926
2.058769
0.298420
0.001540
0.002436
0.002171
0.002307
0.007714
0.008804
0.009674
0.247684
0.356714
0.339878
0.342761
0.848633
4.324968
5.267585
5.850620
5.859295
5.898193
6.217613
6.343047
6.381245
6.420280
6.452112
6.431969
6.438020
0.074715
6.365037
6.419683
6.339677
6.180849
5.920794
5.718290
5.555682
5.437273
5.197146
4.983675
0.056530
0.035582
0.034938
0.035266
5.923706
0.051374
6.500040
6.782324
7.231290
7.617078
7.688717
7.758436
7.777049
7.793320
7.809016
7.819106
7.849267
7.847183
7.826597
7.808867
7.817044
7.894302
7.940624
7.962916
7.984860
8.006064
8.006809
7.996034
7.903526
7.849463
7.818084
7.795462
7.788011
7.769702
7.762259
7.761683
7.766290
7.771365
7.804195
7.801491
7.793487
7.788157
7.782319
7.773628
7.736164
7.022920
6.803444
6.292914
6.214017
6.014035
5.941213
5.806867
5.556431
0.091308
0.086766
0.221121
0.248046
6.042791
6.389634
6.639964
6.833236
6.862325
6.781575
6.618768
6.666016
6.676039
6.681921
6.691948
6.694218
6.696003
6.699350
6.701410
6.701956
6.701518
6.699765
6.697977
6.697902
6.699151
6.696735
6.695484
6.698355
6.700812
6.702222
6.933286
6.954558
6.969043
6.973158
6.976600
6.976301
6.974507
6.976311
6.956926
6.946213
6.926144
6.900187
6.874293
6.799836
6.706871
6.711436
6.735062
6.751866
6.767003
6.783600
6.806813
6.831231
6.848688
6.861901
6.867377
6.873417
6.883709
6.886419
6.891757
6.887925
6.885246
6.883499
6.877546
6.873299
6.871777
6.867635
6.866441
6.840810
6.819417
6.796851
6.785214
6.777408
6.776636
6.776064
6.764267
6.737905
6.688791
6.614591
6.288930
6.141901
6.057504
5.994390
5.914491
5.836649
5.796518
5.741902
5.690570
5.545390
5.304087
5.330201
6.159377
6.299361
6.346246
6.453120
6.568608
6.969209
7.231742
7.297948
7.336749
7.356855
7.369521
7.387114
7.389834
7.400936
7.410752
7.411504
7.405414
7.401627
7.399224
7.396321
7.393907
7.401520
7.411277
7.421291
7.425341
7.426524
7.425859
7.420846
7.415340
7.414447
7.417581
7.464954
7.466838
7.471046
7.476977
7.482357
7.478006
7.470678
7.455636
7.444032
7.430088
7.425198
7.423190
7.429543
7.444521
7.448751
7.436579
7.437339
7.437602
7.434004
7.427624
7.423256
7.405015
7.388227
7.368855
7.364255
7.360793
7.355151
7.341692
7.317610
7.206015
7.159223
7.129956
7.108813
7.100300
7.095207
7.084931
7.079399
7.078374
7.081471
7.079918
7.077294
7.072279
7.067394
7.058630
7.048075
7.043090
7.036062
7.029313
7.025691
6.952167
6.955428
6.950920
6.950410
6.952251
6.958396
6.967403
6.970765
6.972382
6.971349
6.969779
6.962259
6.936852
6.901877
6.888705
6.881656
6.842202
6.753769
6.668684
6.577726
6.229017
6.239739
6.239523
6.236187
6.244977
6.257933
6.256481
6.257545
6.276333
6.273576
6.273159
6.316922
6.350264
6.323126
6.296258
6.281254
6.208888
5.314894
4.617154
1.274724
5.737550
6.110737
6.199237
6.259997
6.252438
6.249249
6.248672
6.250807
6.257452
6.259958
6.312066
6.327410
6.330245
6.331071
6.326815
6.258657
6.254711
6.203786
6.156656
6.074123
5.931439
0.225840
0.225421
5.354078
5.617855
5.815267
6.054992
6.148932
6.166203
6.193706
6.207947
6.227770
6.231689
6.238515
6.239602
6.241049
6.235576
6.216123
6.162550
6.103007
6.005755
5.915905
5.854173
5.643518
5.490656
5.402702
5.145913
4.853428
4.445157
3.986955
3.662141
3.058021
0.536911
3.208854
3.459800
0.014792
0.015953
0.016465
0.014919
3.475969
3.438920
0.050179
3.443731
3.335258
0.196216
0.199842
0.166125
3.495624
0.384195
3.848582
4.057214
4.215464
4.677886
0.004209
0.004249
0.002111
0.001743
0.000216
0.000067
0.000043
0.000026
0.000054
0.000346
0.000387
0.000479
0.001509
0.002234
0.000789
0.000288
0.002746
0.000786
0.000904
0.000499
0.000334
0.000402
0.000042
0.000026
0.000027
0.000023
0.000022
0.000014
0.000019
0.000017
0.000031
0.000043
0.000156
0.000069
0.000037
0.000016
0.000011
0.000008
0.000008
0.000007
0.000008
0.000015
0.000020
0.000009
0.000019
0.000027
0.000024
0.000023
0.000070
0.000005
0.000003
0.000014
0.000009
0.000008
0.000012
0.000015
0.000015
0.000006
0.000004
0.000006
0.000005
0.000003
0.000010
0.000009
0.000004
0.000006
0.000008
0.000006
0.000002
0.000003
0.000002
0.000001
0.000001
0.000001
0.000001
0.000001
0.000001
0.000001
0.000003
0.000109
0.000079
0.000013
0.000012
0.000011
0.000014
0.000008
0.000004
0.000037
0.000038
0.000053
0.000024
0.000002
0.000002
0.000002
0.000002
0.000002
0.000002
0.000003
0.000000
0.000000
0.000000
0.000000
0.000000
0.000000
0.000000
0.000000
0.000000
0.000000
0.000000
0.000000
0.000000
0.000000
0.000000
0.000000
0.000000
0.000000
0.000000
0.000000
0.000000
0.000000
0.000000
0.000000
0.000000
0.000000
0.000000
0.000000
0.000000
0.000000
0.000000
0.000000
0.000000
0.000000
0.000000
0.000000
0.000000
0.000000
0.000000
0.000000
0.000000
0.000000
0.000000
0.000000
0.000000
0.000000
0.000000
0.000000
0.000000
0.000000
0.000000
0.000000
0.000000
0.000000
0.000000
0.000000
0.000000
0.000000
0.000000
0.000000
0.000000
0.000000
0.000000
0.000000
0.000000
0.000000
0.000000
0.000000
0.000000
0.000000
0.000000
0.000000
0.000000
0.000000
0.000000
0.000000
0.000000
0.000000
0.000000
0.000000
0.000000
0.000000
0.000000
0.000000
0.000000
0.000000
0.000000
0.000000
0.000000
0.000000
0.000000
0.000000
0.000000
0.000000
0.000000
0.000000
0.000000
0.000000
0.000000
0.000000
0.000000
0.000000
0.000000
0.000000
0.000000
0.000000
0.000000
0.000000
0.000000
0.000004
0.000004
0.000000
0.000000
0.000000
0.000000
0.000000
0.000000
0.000000
0.000000
0.000000
0.000001
0.000001
0.000001
0.000001
0.000001
0.000002
0.000001
0.000000
0.000005
0.000003
0.000002
0.000002
0.000002
5.120609
5.454403
0.000000
0.000000
0.000000
0.000000
0.000000
0.000000
0.000000
0.000000
0.000000
0.000000
0.000000
0.000000
0.000000
0.000000
0.000000
0.000000
0.000000
0.000000
0.000000
0.000000
0.000000
0.000000
0.000000
0.000000
0.000000
0.000000
0.000000
0.000000
0.000000
0.000000
0.000000
0.000000
0.000000
0.000000
0.000000
0.000000
0.000000
0.000000
0.000000
0.000000
0.000000
0.000000
0.000000
0.000000
0.000000
0.000000
0.000000
0.000000
0.000000
0.000000
0.000000
0.000000
0.000000
0.000000
0.000000
0.000000
0.000000
0.000000
0.000000
0.000000
0.000000
0.000000
0.000000
0.000000
0.000000
0.000000
0.000000
0.000000
0.000000
0.000000
0.000000
0.000000
0.000000
0.000000
0.000000
0.000000
0.000000
0.000000
0.000000
0.000000
0.000000
0.000000
0.000000
0.000000
0.000000
0.000000
0.000000
0.000000
0.000000
0.000000
0.000000
0.000000
0.000000
0.000000
0.000000
0.000000
0.000000
0.000000
0.000000
0.000000
0.000000
0.000000
0.000000
